0 0.245195 0.468882 0.037844 0.045958
0 0.352063 0.438153 0.024984 0.019639
0 0.396699 0.429840 0.020930 0.020986
0 0.972512 0.719965 0.054977 0.081931
0 0.282715 0.653618 0.056102 0.098069
0 0.556000 0.457833 0.034500 0.032944
0 0.486512 0.458187 0.032867 0.026125
0 0.837348 0.690687 0.085789 0.081931
0 0.559059 0.773062 0.082117 0.120542
0 0.764973 0.602361 0.066930 0.075500
0 0.825617 0.551812 0.072453 0.068319
0 0.621711 0.451042 0.044078 0.034306
0 0.212496 0.392583 0.016258 0.019056
0 0.199172 0.394333 0.021797 0.021389
0 0.304570 0.403056 0.025547 0.019444
0 0.322645 0.420583 0.028461 0.022000
0 0.273633 0.407222 0.021797 0.021389
0 0.261813 0.543979 0.040437 0.054819
0 0.431555 0.947569 0.124234 0.104861
0 0.237715 0.933903 0.082117 0.132194
0 0.460977 0.470903 0.036328 0.036250
0 0.637402 0.479028 0.036992 0.032500
0 0.613289 0.500139 0.048578 0.041111
0 0.383141 0.483333 0.039500 0.041944
0 0.323359 0.515882 0.047531 0.090819
0 0.502848 0.649896 0.069930 0.107847
