0 0.292566 0.503799 0.040148 0.049764
0 0.476270 0.632667 0.059898 0.081889
0 0.700043 0.537701 0.057023 0.058625
0 0.736105 0.518403 0.052773 0.050639
0 0.616543 0.497646 0.051570 0.059653
0 0.842543 0.615944 0.072773 0.069472
0 0.778332 0.642958 0.087617 0.117111
0 0.552844 0.472118 0.052297 0.055625
0 0.623305 0.679708 0.078016 0.101861
0 0.438078 0.582187 0.048578 0.062819
0 0.990824 0.642319 0.018023 0.057972
0 0.283336 0.627861 0.056297 0.104333
0 0.261488 0.898542 0.120148 0.191667
0 0.230746 0.468764 0.030070 0.032750
0 0.327172 0.539153 0.040188 0.063583
0 0.543137 0.584097 0.053883 0.075139
0 0.463855 0.515361 0.052914 0.072889
0 0.274270 0.461306 0.035523 0.032722
0 0.324469 0.447021 0.036844 0.036514
0 0.378805 0.510861 0.043172 0.060778
0 0.661789 0.464333 0.048109 0.036444
0 0.516484 0.424326 0.043281 0.052542
0 0.463637 0.449875 0.036008 0.038639
0 0.404270 0.443444 0.036008 0.038639
0 0.298176 0.402639 0.026461 0.025278
0 0.227754 0.407306 0.026461 0.025278
0 0.342145 0.414014 0.026461 0.025278
