0 0.382117 0.627431 0.050766 0.074306
0 0.308820 0.530611 0.044203 0.069556
0 0.233133 0.397972 0.018750 0.015278
0 0.190625 0.394861 0.018750 0.015278
0 0.985582 0.636264 0.028383 0.087583
0 0.239656 0.521167 0.040266 0.063167
0 0.423809 0.421687 0.037070 0.034153
0 0.507133 0.464465 0.040359 0.037986
0 0.874926 0.697778 0.079148 0.081972
0 0.639145 0.564521 0.038602 0.044597
0 0.853082 0.942514 0.107055 0.108250
0 0.830715 0.612056 0.071617 0.062139
0 0.273965 0.842229 0.085648 0.130292
0 0.663734 0.526785 0.048828 0.038736
0 0.336238 0.427792 0.023148 0.025583
0 0.295086 0.464028 0.039828 0.038611
0 0.344297 0.488958 0.039688 0.047917
0 0.433242 0.898611 0.102109 0.199722
0 0.597187 0.641257 0.068750 0.086097
0 0.567945 0.446965 0.040359 0.029597
0 0.561047 0.491319 0.040359 0.029583
0 0.344715 0.414069 0.023148 0.025583
0 0.252734 0.405625 0.027813 0.034028
