0 0.481949 0.471910 0.039539 0.029542
0 0.612734 0.472417 0.035000 0.034639
0 0.305820 0.413299 0.017422 0.019597
0 0.480336 0.437694 0.033625 0.026500
0 0.778711 0.421806 0.038984 0.041389
0 0.816719 0.929306 0.153594 0.141389
0 0.428934 0.939111 0.138648 0.121778
0 0.453797 0.519076 0.046937 0.052125
0 0.347898 0.490556 0.044672 0.049167
0 0.258125 0.551597 0.038750 0.055694
0 0.211707 0.399125 0.024711 0.017583
0 0.249449 0.396507 0.024711 0.018847
0 0.185977 0.387687 0.012891 0.018847
0 0.173141 0.391160 0.014500 0.020375
0 0.265391 0.480417 0.038594 0.039722
0 0.528711 0.726479 0.068359 0.103097
0 0.276934 0.604681 0.046836 0.076667
0 0.575605 0.480167 0.052039 0.051056
0 0.373145 0.441958 0.029789 0.028028
0 0.407402 0.433278 0.028945 0.027333
0 0.719496 0.593840 0.062898 0.060736
0 0.849859 0.564722 0.061766 0.058333
0 0.777828 0.557361 0.083875 0.088333
0 0.456070 0.587750 0.057609 0.071444
0 0.585012 0.525687 0.047008 0.044986
0 0.386320 0.625625 0.060344 0.092361
