0 0.301055 0.650069 0.051656 0.093056
0 0.423664 0.561924 0.049078 0.071153
0 0.320285 0.476438 0.037242 0.040458
0 0.344168 0.431333 0.022602 0.023500
0 0.301488 0.421562 0.022602 0.023514
0 0.282477 0.402486 0.024578 0.023500
0 0.567648 0.525146 0.055547 0.038069
0 0.386609 0.427194 0.029438 0.023500
0 0.362535 0.408271 0.022273 0.022069
0 0.470934 0.972361 0.103680 0.055278
0 0.626875 0.867028 0.113594 0.168722
0 0.373656 0.511875 0.042531 0.042639
0 0.275020 0.489410 0.035742 0.039097
0 0.255293 0.944472 0.093164 0.097278
0 0.258871 0.547778 0.041852 0.066389
0 0.955594 0.604542 0.060469 0.071000
0 0.565293 0.478840 0.051898 0.052153
0 0.682031 0.497563 0.052500 0.052875
0 0.800590 0.506889 0.063258 0.047667
0 0.778430 0.655236 0.084578 0.071583
0 0.332496 0.536979 0.043039 0.062375
0 0.821996 0.559028 0.068773 0.055778
0 0.709703 0.551840 0.060687 0.062014
