0 0.759445 0.400521 0.030484 0.032847
0 0.555703 0.464403 0.052188 0.050917
0 0.324402 0.424340 0.034852 0.020069
0 0.497551 0.481389 0.042758 0.038750
0 0.686523 0.741125 0.090188 0.113083
0 0.271941 0.827361 0.080508 0.143056
0 0.275813 0.701736 0.062688 0.088750
0 0.608117 0.884500 0.110719 0.173444
0 0.769570 0.568403 0.065859 0.070972
0 0.193750 0.398410 0.014063 0.018458
0 0.241273 0.407500 0.021391 0.021472
0 0.267664 0.407736 0.021391 0.021472
0 0.460012 0.950951 0.110648 0.098097
0 0.379570 0.614062 0.056641 0.083264
0 0.635391 0.558160 0.055469 0.050486
0 0.965617 0.707667 0.064375 0.065278
0 0.320156 0.405000 0.016875 0.013611
0 0.307496 0.467014 0.038289 0.034306
0 0.274926 0.489882 0.034852 0.045069
0 0.241246 0.531951 0.034852 0.045069
0 0.394648 0.448125 0.035234 0.029583
0 0.427070 0.434514 0.037578 0.035972
0 0.596441 0.463944 0.030070 0.050917
0 0.478359 0.608542 0.061406 0.086250
0 0.772852 0.650139 0.073984 0.077500
0 0.813945 0.521319 0.060078 0.054583
