0 0.237008 0.522132 0.032859 0.052597
0 0.264121 0.483889 0.033320 0.036111
0 0.229312 0.447979 0.036687 0.037653
0 0.267227 0.587076 0.047422 0.076542
0 0.421766 0.541806 0.053187 0.063889
0 0.498105 0.538729 0.059414 0.075597
0 0.362152 0.437500 0.032180 0.028889
0 0.313750 0.423826 0.029781 0.024042
0 0.246949 0.915556 0.098727 0.159722
0 0.668586 0.962639 0.098766 0.074722
0 0.284801 0.686792 0.060633 0.124472
0 0.444223 0.462222 0.037336 0.035556
0 0.370098 0.409861 0.032180 0.028889
0 0.310340 0.404931 0.025102 0.019028
0 0.521508 0.656590 0.071312 0.115986
0 0.409402 0.675194 0.059086 0.113833
0 0.455715 0.602361 0.049664 0.073889
0 0.700340 0.598917 0.066695 0.071306
0 0.850840 0.694007 0.089523 0.083181
0 0.340656 0.542938 0.051359 0.061986
0 0.877773 0.645674 0.082687 0.071264
0 0.576258 0.483083 0.050875 0.052889
0 0.715336 0.513646 0.055375 0.059792
0 0.775320 0.869903 0.118641 0.149361
