0 0.250203 0.447403 0.029438 0.037306
0 0.262801 0.414847 0.017211 0.014694
0 0.374691 0.518326 0.041086 0.047764
0 0.369398 0.591903 0.046719 0.068250
0 0.418219 0.431688 0.036375 0.028347
0 0.466062 0.446479 0.038219 0.034903
0 0.597602 0.826569 0.094047 0.139778
0 0.498109 0.628722 0.066484 0.102194
0 0.766156 0.642278 0.077375 0.085111
0 0.920125 0.651618 0.100234 0.102764
0 0.703902 0.503556 0.056852 0.056694
0 0.628617 0.510549 0.052250 0.047597
0 0.650879 0.573160 0.051320 0.038792
0 0.308668 0.521285 0.039961 0.057486
0 0.544996 0.502125 0.044727 0.050056
0 0.657918 0.699174 0.088586 0.113542
0 0.401004 0.677424 0.060992 0.114903
0 0.380328 0.475000 0.036688 0.034444
0 0.443539 0.502944 0.049437 0.066778
0 0.871469 0.931986 0.144094 0.136028
0 0.661715 0.968264 0.112039 0.063472
0 0.542121 0.458306 0.045602 0.033667
0 0.470559 0.421111 0.024352 0.015556
0 0.331270 0.478590 0.036992 0.044486
0 0.257992 0.481083 0.033703 0.042722
