0 0.244922 0.469007 0.026094 0.032819
0 0.445195 0.572743 0.049609 0.064514
0 0.282738 0.786778 0.078508 0.160222
0 0.203109 0.476146 0.034250 0.039847
0 0.266898 0.448424 0.032078 0.028792
0 0.284809 0.631667 0.048727 0.073889
0 0.329543 0.546597 0.042008 0.060417
0 0.276621 0.588625 0.042008 0.053639
0 0.237719 0.517257 0.035031 0.046597
0 0.663152 0.476292 0.043758 0.030861
0 0.840418 0.959729 0.047195 0.068264
0 0.936516 0.692208 0.085641 0.076556
0 0.979398 0.580125 0.041125 0.071694
0 0.610254 0.474090 0.050336 0.051625
0 0.596523 0.529813 0.038641 0.048931
0 0.397578 0.657521 0.069687 0.137236
0 0.929129 0.608486 0.083602 0.075306
0 0.676910 0.580743 0.062211 0.066819
0 0.341809 0.493826 0.037758 0.045125
0 0.498762 0.479271 0.042633 0.052569
0 0.535820 0.435903 0.036641 0.030139
0 0.443828 0.464910 0.034687 0.035736
0 0.545750 0.578861 0.066156 0.097833
0 0.522504 0.693181 0.066523 0.116250
0 0.682719 0.721694 0.086203 0.128083
0 0.811191 0.676153 0.085023 0.082917
0 0.676023 0.968139 0.105141 0.063722
0 0.473020 0.424854 0.043023 0.042514
