0 0.837574 0.621694 0.084211 0.073667
0 0.201289 0.400056 0.017422 0.016611
0 0.177160 0.391535 0.017086 0.014986
0 0.440617 0.581764 0.052109 0.067083
0 0.499820 0.556868 0.065250 0.073042
0 0.722699 0.548438 0.064523 0.070153
0 0.248578 0.519194 0.040437 0.078111
0 0.342000 0.543264 0.038344 0.063194
0 0.351602 0.467667 0.041641 0.061722
0 0.447047 0.459028 0.044969 0.045278
0 0.625531 0.499583 0.051125 0.050556
0 0.491508 0.456111 0.038531 0.027500
0 0.833937 0.558542 0.079313 0.064861
0 0.521090 0.437951 0.035164 0.037486
0 0.430758 0.423750 0.030359 0.025833
0 0.216426 0.398229 0.015148 0.016625
0 0.385355 0.426472 0.016477 0.025833
0 0.364297 0.435375 0.036500 0.034361
0 0.325656 0.418194 0.028063 0.025833
0 0.285531 0.404028 0.024406 0.022500
0 0.972738 0.717764 0.054523 0.118917
0 0.254652 0.456181 0.028352 0.031528
0 0.243484 0.431035 0.035062 0.032931
0 0.531914 0.677500 0.069141 0.107778
0 0.595859 0.530736 0.041875 0.051194
