0 0.733156 0.619549 0.063656 0.054653
0 0.779273 0.545604 0.044672 0.039958
0 0.362367 0.423139 0.013734 0.017389
0 0.221961 0.425417 0.030453 0.026667
0 0.428273 0.502736 0.042156 0.048806
0 0.367277 0.509861 0.042164 0.052778
0 0.866848 0.720812 0.096039 0.097514
0 0.620637 0.550562 0.052273 0.055542
0 0.267316 0.539250 0.040164 0.069194
0 0.502387 0.554028 0.049195 0.056472
0 0.656090 0.521028 0.046242 0.043722
0 0.241719 0.467104 0.035625 0.049708
0 0.396125 0.691528 0.059344 0.093444
0 0.453004 0.958333 0.120242 0.083333
0 0.664582 0.488424 0.044320 0.042403
0 0.436996 0.438396 0.030070 0.028208
0 0.347840 0.429861 0.032602 0.028611
0 0.745027 0.559569 0.055695 0.054778
0 0.289469 0.501903 0.037484 0.041806
0 0.560852 0.510090 0.048672 0.048569
0 0.207187 0.485368 0.031562 0.057125
