0 0.260477 0.453375 0.031859 0.036028
0 0.920176 0.547361 0.072148 0.042222
0 0.293238 0.775347 0.072430 0.138194
0 0.544289 0.733701 0.073797 0.110653
0 0.301063 0.596667 0.042797 0.073611
0 0.508844 0.564785 0.054641 0.059319
0 0.328020 0.538694 0.038570 0.057611
0 0.292293 0.505521 0.038023 0.056875
0 0.250820 0.550694 0.040234 0.044167
0 0.331098 0.486736 0.037492 0.040694
0 0.430063 0.572431 0.034063 0.063167
0 0.431875 0.508611 0.046406 0.060556
0 0.211992 0.402639 0.018984 0.017500
0 0.262188 0.485556 0.034531 0.039722
0 0.288211 0.435326 0.038734 0.043514
0 0.911926 0.596458 0.079586 0.048194
0 0.371516 0.474931 0.036969 0.034028
0 0.731875 0.794174 0.111406 0.168042
0 0.401152 0.413111 0.031523 0.031833
0 0.737738 0.492535 0.051555 0.051847
0 0.748547 0.577972 0.070609 0.064361
0 0.897281 0.460250 0.070922 0.064389
0 0.322051 0.417250 0.041477 0.034167
